INFO: 2025-07-24 20:07:23,999: Data
INFO: 2025-07-24 20:07:24,001: Data shape (110527, 14)
INFO: 2025-07-24 20:07:24,016: Percentage of women: 0.653882342398853
INFO: 2025-07-24 20:07:24,029: Percentage of men: 0.346117657601147
ERROR: 2025-07-24 20:09:39,243: Data shape is incorrect!
